version https://git-lfs.github.com/spec/v1
oid sha256:3269486d2c1d2cca2c9cfb5ad6a46842516cc093822f9b4be26d6aca174db6d3
size 204343
